11111111111111111111111111111111
10000011001100000110000000000001
10000033301100000110000000000001
10000011001100000110000000000001
10000011001100000110000000000001
10200011001100000110000000000001
10000011021100000110000000000001
10000033303330000110000000000001
10000033301100400333000000000001
11131111131100000110000000000001
11131111131100000110000000000001
10030112033330000110000000000001
10000110003330000110200000000001
10000110001100000110000000000001
10000333003333131113113131111111
10000110001133131113113131111111
10000333001133030003003130000001
10000110001100000000001100000001
10020110001100000000003330000001
10000110001100000000003330000021
10000333001100000000001100000001
10000110001102000000001100000001
10000110001100000000001100000001
10000110001100000000001100000001
11111111111111111111111111111111